116481 
558305 
558304 
584421 
558288 
594102 
90745 
594100 
170712 
6048 
472376 
554992 
554993 
554994 
554995 
6047 
80456 
33230 
15809 
6009 
5878 
17160 
215484 
442881 
442949 
442950 
442953 
442954 
568341 
568343 
568344 
568345 
166082 
166208 
584402 
619137 
45210 
17999 
618988 
584420 
558286 
558287 
584418 
584419 
584422 
558297 
584385 
584387 
584416 
584390 
584391 
306281 
584417 
584386 
584389 
557053 
301242 
383147 
556592 
165904 
17942
18456 
90745
584422
584421
584420
584419
584418
584417
584416
584402
584391
584390
584389
584387
584386
584385
558305
558304
558297
558288
558287
558286